3
10
15
28
75
116
205
270
270
582
841
841
841
924
1011
1148
1451
1505
1790
2720
2720
2944
2944
3176
3417
3584
3928
4017
4107
4863
6228
6340
6340
6340
6682
7762
7887
8525
9055
9055
9461
9461
9599
11331
11331
12096
13047
13047
13047
14371
15936
15936
16476
17208
19111
20301
21945
22577
22790
23219
27487
28911
29394
30371
31615
32627
33657
41021
41595
42174
42756
42756
42756
43342
43932
46637
47250
48796
52933
52933
53585
56909
56909
61377
61727
62079
63496
63496
65650
65650
65650
67472
72710
73473
74241
77747
78537
80131
80934
81740
86243
88751
90018
92151
93443
96929
100033
101827
102278
102278
102731
104094
105925
106386
106386
106848
107310
111988
112462
113413
114366
114845
115803
119684
121155
122142
124124
126626
127129
127633
129660
132732
138979
141625
146992
149713
154678
159158
159723
160288
160288
161420
163699
165419
168885
171216
172975
176521
178903
181303
184321
184928
187978
188592
188592
192295
192295
193537
195406
196656
201068
203611
203611
203611
204889
207457
210040
211339
211990
211990
215255
215912
220533
221197
225201
225201
227891
234686
236747
239507
240199
240892
244372
252120
253541
257830
259989
262881
264332
266516
268709
273862
273862
273862
276086
276086
279064
280554
280554
280554
291134
304242
304242
305022
306585
319228
319228
320028
324040
328072
335397
340327
346122
352806
352806
357015
359553
363804
363804
370659
375842
376709
380187
380187
381932
384555
387186
395139
397807
397807
402278
409482
431479
431479
436131
444574
444574
444574
444574
448355
450250
450250
458828
459784
459784
465549
476216
478167
478167
484044
486998
486998
489962
491944
493929
499903
502905
509945
513991
513991
516020
526217
532385
533417
533417
533417
536517
537552
537552
